
-- RULES ---------------
--- 2 natural digits
--- 6 decimal digits
--- E && N === POSITIVE
--- W && S === NEGATIVE
------------------------

-- BARCELONA TMA

 03.100000  42.260000,
 03.233900  42.013200,
 03.232100  41.563300,
 03.202600  41.064500,
 02.574900  40.402600,
 02.550500  40.401300,
 02.291300  40.381100,
 02.031200  40.360200,
 01.402400  40.340400,
 01.212300  40.322200,
 00.431000  40.443100,
 00.405900  40.522500,
 00.343700  41.151200,
 00.333400  41.185900,
 00.284200  41.361800,
 00.244500  41.404000,
 00.192200  41.485900,
 00.164200  41.533800,
 00.244300  41.590800,
 00.320900  42.041800,
 00.450000  42.510100,
 03.100000  42.260000

-- BARCELONA FIR/UIR

-00.040000  42.420000,
 03.100000  42.260000,
 03.140000  42.250000,
 04.400000  42.000000,
 04.400000  39.000000,
 03.450000  38.200000,
-01.300000  36.150000,
-02.060000  35.500000,
-01.060000  39.440000,
-00.040000  42.420000

-- PALMA TMA

 02.213000  40.300000,
 04.400000  40.300000,
 04.400000  39.430000,
 01.280000  38.260000,
 01.070000  38.363000,
 00.403000  38.363000,
 00.403000  39.043000,
 02.213000  40.300000

-- VALENCIA TMA

 00.000000  40.000000,
 00.290000  39.150000,
 00.290000  38.300000,
 00.100000  38.000000,
-00.200000  38.000000,
-00.280000  38.070000,
-00.520000  38.070000,
-01.200000  38.500000,
-01.150000  39.090000,
-01.390000  39.340000,
-01.220000  40.000000,
 00.000000  40.000000

-- CANARIAS FIR/UIR

-25.000000  30.000000,
-20.000000  30.000000,
-17.250000  31.390000,
-15.450000  31.300000,
-12.300000  30.000000,
-13.100000  27.400000,
-11.140000  27.400000,
-14.000000  21.200000,
-16.550000  21.200000,
-17.040000  20.470000,
-19.000000  19.000000,
-25.000000  24.000000,
-25.000000  30.000000

-- CANARIAS TMA

-20.000000  30.000000,
-17.250000  31.390000,
-15.450000  31.300000,
-12.300000  30.000000,
-13.000000  28.150000,
-15.300000  25.000000,
-20.000000  25.000000,
-20.000000  30.000000

-- MADRID FIR/UIR

-13.00000  45.000000,
-08.00000  45.000000,
-04.00000  44.200000,
-01.47000  43.350000,
-01.47000  43.230000,
-00.04000  42.420000,
-01.06000  39.440000,
-02.06000  35.500000,
-07.23000  35.500000,
-07.23000  35.580000,
-07.23000  42.000000,
-10.00000  42.000000,
-13.00000  43.000000,
-13.00000  45.000000

-- MADRID TMA

-04.121500  41.300000,
-04.364000  41.103000,
-04.364000  39.562000,
-04.080500  39.331000,
-02.550500  39.352500,
-02.274800  39.532100,
-02.220000  40.000000,
-02.174000  40.000000,
-02.093000  40.052000,
-02.093000  41.020400,
-02.300000  41.020000,
-02.300000  41.180000,
-02.220800  41.300600,
-04.121500  41.300000

-- BILBAO TMA

-03.242300  43.405200,
-02.352600  43.410000,
-02.073800  43.153000,
-01.492300  42.583600,
-01.580000  42.530000,
-02.051800  42.481400,
-03.062000  42.483600,
-03.263700  43.030500,
-03.190000  43.100000,
-03.190000  43.344700,
-03.242300  43.405200

-- GALICIA TMA

-08.300100  43.452900,
-07.330000  42.240000,
-06.372700  41.562800,
-09.235800  41.560600,
-08.300100  43.452900

-- SANTANDER TMA

-04.200000  43.460000,
-03.290000  43.460000,
-03.190000  43.344700,
-03.190000  43.100000,
-03.324700  42.572800,
-04.081900  42.572800,
-04.200000  43.150000,
-04.200000  43.460000

-- SEVILLA TMA

-04.480000  38.300000,
-03.373000  38.090900,
-03.373000  37.221000,
-03.403300  37.112600,
-03.373000  37.004200,
-03.520000  36.370000,
-03.520000  36.110000,
-04.381200  36.122700,
-04.470000  36.000000,
-07.230000  36.000000,
-07.230000  36.400000,
-05.220000  38.300000,
-04.480000  38.300000

-- ZARAGOZA TMA

 00.130000  41.550000,
 00.020000  41.140000,
-01.200000  41.020000,
-02.300000  41.020000,
-02.300000  41.180000,
-01.380000  42.363000,
 00.130000  41.550000
